  -5.0000000e+00  -6.5930341e+00
  -4.5000000e+00  -6.6869086e+00
  -4.0000000e+00  -4.8374204e+00
  -3.5000000e+00  -6.4320297e+00
  -3.0000000e+00  -3.7875757e+00
  -2.5000000e+00  -5.5400578e+00
  -2.0000000e+00  -1.7953106e+00
  -1.5000000e+00  -1.5357254e+00
  -1.0000000e+00   2.8403578e-01
  -5.0000000e-01  -2.3837674e+00
   0.0000000e+00   1.6337535e+00
   5.0000000e-01   7.8981215e-01
   1.0000000e+00   1.9596143e+00
   1.5000000e+00   1.5142848e+00
   2.0000000e+00   1.3099499e+00
   2.5000000e+00   5.1524563e+00
   3.0000000e+00   3.0781076e+00
   3.5000000e+00   4.7319432e+00
   4.0000000e+00   6.4895657e+00
   4.5000000e+00   8.7402076e+00
   5.0000000e+00   7.5693765e+00
